0 226 219 241 224 283 136 198 323 286 45 239 77 371 260 328 208 189 317 151 
338 0 494 668 291 306 157 75 720 408 404 313 433 357 431 678 103 172 615 207 
219 329 0 195 167 220 300 280 157 155 231 166 173 314 106 124 269 364 98 191 
361 668 293 0 511 603 560 607 216 523 322 519 247 750 450 301 605 644 360 484 
224 194 167 341 0 64 216 146 323 81 262 18 235 162 95 278 126 271 226 86 
425 306 330 603 96 0 379 245 558 129 484 84 449 148 190 479 210 451 391 204 
136 104 300 373 216 253 0 103 435 296 176 233 209 315 293 422 124 64 393 132 
297 75 420 607 219 245 154 0 648 338 365 242 381 320 357 605 36 208 540 134 
323 480 157 144 323 372 435 432 0 297 314 321 252 462 248 74 423 497 134 343 
429 408 233 523 122 129 444 338 445 0 477 97 419 248 75 358 306 528 266 247 
45 270 231 215 262 323 176 243 314 318 0 276 63 413 288 329 253 223 327 194 
359 313 250 519 27 84 350 242 481 97 414 0 371 231 127 409 210 433 328 156 
77 289 173 164 235 299 209 254 252 279 63 247 0 395 243 267 258 265 266 185 
557 357 472 750 243 148 472 320 693 248 620 231 593 0 321 605 286 524 512 331 
260 287 106 300 95 126 293 238 248 50 288 84 243 214 0 193 220 354 135 163 
493 678 186 301 418 479 634 605 110 358 494 409 400 605 289 0 585 730 96 472 
208 68 269 403 126 140 124 24 423 204 253 140 258 191 220 390 0 162 345 82 
283 172 546 644 407 451 96 208 746 528 334 433 398 524 530 730 244 0 685 286 
317 410 98 240 226 261 393 360 134 178 327 218 266 342 135 64 345 457 0 275 
226 207 287 484 130 204 197 134 514 247 290 156 277 331 244 472 123 286 412 0 
